              precision    recall  f1-score   support

         Ain     0.7402    0.7833    0.7611       120
        Alef     0.9756    1.0000    0.9877       120
         Baa     0.8824    1.0000    0.9375       120
        Daad     0.9490    0.7750    0.8532       120
        Daal     0.7267    0.9750    0.8327       120
         Faa     0.5430    0.8417    0.6601       120
       Ghain     0.9000    0.8250    0.8609       120
         Haa     0.5743    0.9667    0.7205       120
        Haa2     0.9550    0.8833    0.9177       120
        Jeem     0.9855    0.5667    0.7196       120
        Kaaf     0.9906    0.8750    0.9292       120
        Khaa     0.8980    0.7333    0.8073       120
        Laam     0.9127    0.9583    0.9350       120
        Meem     0.9417    0.9417    0.9417       120
        Noon     0.7840    0.8167    0.8000       120
        Qaaf     0.9583    0.3833    0.5476       120
         Raa     0.7632    0.9667    0.8529       120
        Saad     0.8594    0.9167    0.8871       120
        Seen     0.8960    0.9333    0.9143       120
       Sheen     1.0000    0.8500    0.9189       120
         Taa     0.7172    0.8667    0.7849       120
        Thaa     0.9884    0.7083    0.8252       120
       Thaal     0.7731    0.7667    0.7699       120
        Ttaa     0.8227    0.9667    0.8889       120
         Waw     0.8583    0.9083    0.8826       120
         Yaa     0.9897    0.8000    0.8848       120
         Zay     0.8600    0.7167    0.7818       120
        Zhaa     1.0000    0.7667    0.8679       120

    accuracy                         0.8390      3360
   macro avg     0.8659    0.8390    0.8383      3360
weighted avg     0.8659    0.8390    0.8383      3360
